a=1;
b=2;

c=3;
d=4;
e=6;
f=8;
g=21;
h=22;
k=23;
