a=1;
b=2;

c=3;
d=4;
e=6;
f=8;
g=1314;
h=1315;
k=1316;
